03,04,07,15,16,24,25,26,30,33
09,10,14,16,17,19,21,22,25,28,30,33+03,04
02,06,09,14,15,18,22,27,30,31,33
05,06,14,15,16,18,20,22,24,25,30,33
03,04,06,08,11,12,16,17,19,23,25,27,28,32,33
01,03,07,09,11,12,13,17,18,21,23,25,29,31,33
01,03,04,06,07,09,10,12,13,15,16,18,19,21,22,24,25,27,28,30,31,33,,17
01,05,07,08,11,14,15,16,18,19,24,26,28,30,33
03,05,09,10,14,15,17,18,25,28,29,30+,02,06,08
05,06,10,11,14,17,20,22,25,26,30,33
06,07,08,09,10,11,13,19,20,21,22,24,25,26,27,28,29,31
06,07,10,13,19,20,24,25,26,31
02,05,06,07,10,12,14,16,17,20,22,25,27,28,31
02,07,10,14,16,20,25,28
02,05,06,08,09,10,17,18,19,20,21,23,24,27,28,31,33
06,09,10,12,14,16,19,22,25,27,30,31+11,13,14,16
02,07,09,10,13,14,17,23,24,29,30,32
02,04,07,11,16,17,19,20,22,25,30,31
05,06,11,13,14,16,18,19,22,23,29,30,33+10,13
04,09,11,15,18,22,24,25+02,14
01,02,04,05,11,14,19,20,21,22,25,26,31,32
01,06,07,14,15,16,18,24,25,26,31,33
01,03,05,08,14,15,16,17,25,26,28,30
01,03,04,06,09,13,15,16,18,19,22,24,26,27,28+04,10,11,14
06,07,09,14,16,17,25,30+04,14
01,07,09,10,11,12,13,16,17,18,19,21,22,23,25,26,28,29,31,33
04,05,09,14,18,19,21,22,25,27,29,31+02,07,09,10
04,06,09,13,14,19,21,22,23,24,30,31+09
04,06,17,23,25,29+09
09,16,19,23,26,27+09
06,10,11,13,24,27+09
14,15,18,25,29,32+09
07,16,18,29,30,32+09
01,08,16,17,22,30+09
05,07,10,22,24,26+09
07,20,21,23,30,33+09
07,09,16,25,29,30+09
09,15,18,20,25,32+09
03,05,10,14,21,30+09
04,10,11,20,22,25+09
08,13,24,25,26,31+09
05,12,16,29,31,32+09
02,05,08,15,24,27+09
05,07,13,23,26,31+09
01,05,13,14,25,32+09
07,09,22,24,26,29+09
05,09,12,13,23,24+09
17,19,21,22,24,30+09
13,19,20,22,27,29+09
06,10,13,25,27,28+09
09,16,21,26,28,30+09
02,12,15,17,22,25+09
05,13,14,15,21,26,31,32+09
06,10,13,16,17,25,27,28+09
03,10,17,24,25,32+09
03,08,21,22,28,29,30,33+03,14
02,08,10,21,26,29,30,32+02,16
05,07,09,10,21,22,27,32+02,11
01,04,07,13,20,21,26,33+05,12
02,08,09,12,13,29,31,32+08,09
09,10,11,18,19,26,28,30+06,10
01,07,08,10,17,18,28,33+07,13
04,06,12,14,20,30,31,33+01,15
03,08,21,22,28,29,30,33+06,10
01,10,11,18,19,26,27,30+02,12
03,05,06,07,08,12,14,15,16,18,19,24,25,26,28,30
01,02,03,09,14,19,21,22,25,31,32,33
02,04,05,06,07,08,09,10,14,16,20,24,25,26,27,29,30
01,02,03,07,10,11,16,17,20,21,22,23,24,26,29+01,02,07,12,14,15