03 05 07 13 14 17 19 21 23 24 26 29 30 32+06 08 10 12
02 04 07 10 14 15 18 22 23 26 27 28 33
04、09、10、19、20、24、27、31
07、08、12、13、14、16、17、18、19、24、25、30+07、12
01、05、09、13、14、18、23、24、27、29、31
04、05、06、08、13、14、19、22、26、30、32、33
04,12,16,17,19,23,25,28,33,34+05,14
03，05，09，13，14，16，18，23，24，26，27，28，30，33
02 06 08 09 12 15 16 18 21 24 27 28 30
01 05 07 08 13 14 15 17 18 20 23 24 26 27 28 30 31
01 03 05 06 07 08 12 13 14 16 17 21 24 25 29
05、07、09、10、13、14、18、20、24、26、27、33+03、16
02、06、10、17、25、26、31+09、15
01 06 07 08 10 11 12 20 23 29
03 04 09 11 13 17 24 29 31 32
02、06、09、12、14、18、20、23、24、25、30、32 + 08、16、13
01 02 06 07 08 12 13 14 15 16 17 22 23 24 25 26
05 07 08 09 10 11 12 13 14 15 18 20 21 23 25 27
02 08 09 16 17 18 25 26 29 30 32
01 02 08 14 15 26 32 33
01 03 06 07 09 10 14 17 19 27 28 30
02 08 09 12 13 17 18 21 22 24 27 31
05、09、11、13、16、19、20、22、25、26、30、31、32
07、08、12、13、14、16、17、18、19、24、25、30+07、12
05 08 11 16 20 21 28 26 30 33
03、04、05、08、10、15、17、22、25、29+03、11、08、07
01 03 06 07 09 10 14 17 19 27 28 30
02 04 05 06 08 10 12 13 17 18 19 21 25 29 31
02 07 09 13 15 17 24 26 27 28
03 05 06 09 11 13 15 17 20 23 24 27 28 30 32
08 10 12 13 16 17 18 19 21 22 23 26 28 29 32 33
03 09 11 15 19 20 21 22 24 27 30 31 32 33
01 05 07 08 09 12 16 17 18 21 23 24 25 27 29 30 31 32
02 04 07 09 10 13 15 16 21 22 23 26 27 30 32