05,07,08,11,14,15,18,19,20,22,26,31
04,05,06,07,15,16,22,23,25,26,27
04,07,09,11,15,16,20,22,24,26,29,31
01,03,05,06,07,10,11,12,20,21,27,28,29,31,32
02,06,07,10,14,15,16,18,21,24,28,29
01,02,03,05,10,12,13,16,19,20,22,23,25,28,29
02,03,04,09,11,14,15,17,18,22,23,24,30,32
02,04,09,10,13,16,19,20,23,26,27,31
04,05,09,10,11,17,19,20,27,28,29
05,07,08,12,13,14,15,22,24,30,32
04,05,07,08,12,13,17,19,28,29,30,33
04,05,09,10,11,12,13,15,16,19,20,21,22,23,24,26,27,28,30,32
01,02,04,05,11,14,15,17,19,20,21,22,23,24,25,28,30,33
01,05,06,09,11,13,15,18,20,22,23,26,27,29,32
02,04,07,10,14,15,18,20,27,28,32,33
03,04,10,15,20,21,25,29,30,33
03,05,06,11,16,17,19,25,28,31
03,04,06,11,13,15,20,22,26,28,29,32
05,06,10,17,18,20,21,27,28,31
03,06,09,14,16,17,23,26,29,33
01,05,06,11,12,15,19,20,21,28,29,31
03,05,11,12,19,22,24,26,31,33
02,03,08,12,14,15,17,21,22,25,28,29
3,06,07,08,11,13,18,21,24,26,27,32
05,07,08,11,14,15,18,19,20,22,26,31
04,05,11,12,16,19,20,21,25,28,32,33
02,04,09,10,13,16,19,20,23,26,27,31
03,05,11,12,15,19,20,22,24,26,31,33
04,06,07,08,11,12,14,15,19,25,27,33
03,05,09,13,15,16,17,23,24,29,31,32
07,08,11,14,15,16,19,20,23,24,29,30
07,09,10,14,15,18,24,25,26,27,29,30
02,03,06,12,14,15,16,18,23,25,27,31
04,05,06,13,15,16,22,24,26,27,31,33
02,08,14,15,17,19,24,27,28,31
01,04,09,12,15,19,21,25,28,29,33
03,05,11,12,19,22,24,26,31,33
05,06,10,17,18,20,21,27,28,31
03,05,06,11,16,17,19,25,28,31
03,04,10,15,20,21,25,29,30,33
04,05,11,12,13,16,17,19,20,21,23,25,27,28,32,33
02,04,07,10,14,15,18,20,27,28,32,33
